First
 1 -2.676542 00111011011110110000 -0.066223 -0.066223
 2 -4.200248 00010100011110010100 -0.828148 -0.828148
 3 +1.791379 10101101110110111111 -0.704634 -0.704634
 4 -1.235949 01100000010111000001 +0.938004 +0.938004
 5 -1.303536 01011110101000010010 +0.973764 +0.973764
 6 +2.716549 11000101100010110010 -1.465055 -1.465055
 7 +1.295525 10100001001010100101 +0.590093 +0.590093
 8 -0.862738 01101001111010011111 +1.479821 +1.479821
 9 -0.352626 01110110111110010000 +0.045459 +0.045459
10 +3.748292 11011111111101001100 -0.986836 -0.986836
11 -3.838738 00011101101110100111 -0.870298 -0.870298
12 +2.650659 11000011110110110101 -1.131305 -1.131305
13 +4.516286 11110011100111011110 +0.510230 +0.510230
14 +1.704165 10101011101000000110 -1.166162 -1.166162
15 -4.610118 00001001111110110010 -0.927425 -0.927425
16 -0.408760 01110101100010010010 -0.005863 -0.005863
17 -2.699096 00111010111001110011 -0.039965 -0.039965
18 +2.990206 11001100100011001001 -1.216112 -1.216112
19 +0.013518 10000000010110001001 +1.658312 +1.658312
20 +3.158949 11010000110111100111 -0.082524 -0.082524
21 +1.494748 10100110010000111111 -0.949888 -0.949888
22 -1.806227 01010001110000101011 +0.449896 +0.449896
23 +2.078807 10110101001101111010 -0.424653 -0.424653
24 +1.498372 10100110010110111011 -0.974308 -0.974308
25 -1.186510 01100001101000000001 +0.873197 +0.873197
26 -0.247674 01111001101010001101 +0.589581 +0.589581
27 +3.202437 11010001111110110111 +0.034964 +0.034964
28 +0.775877 10010011110111001100 -0.078820 -0.078820
29 +3.489655 11011001010101011100 -1.257458 -1.257458
30 -2.753685 00111001100000010111 -0.050815 -0.050815
31 -0.780960 01101100000000011110 +1.650225 +1.650225
32 +4.744873 11111001011101111111 -0.605830 -0.605830
33 +2.981470 11001100010100110101 -1.277525 -1.277525
34 +0.129972 10000011010100111100 +1.139178 +1.139178
35 +4.332666 11101110111010101000 +0.116634 +0.116634
36 +2.763508 11000110101111101110 -1.667129 -1.667129
37 -2.225711 01000111000001011001 +0.059818 +0.059818
38 -0.753399 01101100101101101000 +1.643739 +1.643739
39 -2.104928 01001010000111010010 +1.000484 +1.000484
40 +2.799385 11000111101010100000 -1.770842 -1.770842
41 -4.197625 00010100100010100111 -0.812431 -0.812431
42 -0.620266 01110000000111110000 +1.107069 +1.107069
43 -3.760966 00011111101110000010 -1.432937 -1.432937
44 +4.954567 11111110110101100011 -0.271103 -0.271103
45 +3.409356 11010111010001111000 -0.778171 -0.778171
46 -4.302644 00010001110110100011 -1.328616 -1.328616
47 +3.127688 11010000000100011001 -0.232235 -0.232235
48 -3.770665 00011111011110001001 -1.369130 -1.369130
49 -4.805269 00000100111111000011 -1.035843 -1.035843
50 +3.455590 11011000011101101000 -1.074356 -1.074356
Second
 1 +4.332666 11101110111010101000 +0.116634 +0.116634
 2 +3.126705 11010000000010110010 -0.237709 -0.237709
 3 +3.455590 11011000011101101000 -1.074356 -1.074356
 4 -3.770446 00011111011110100000 -1.370605 -1.370605
 5 -0.408578 01110101100010100101 -0.006013 -0.006013
 6 +2.763517 11000110101111101111 -1.667163 -1.667163
 7 +3.489655 11011001010101011100 -1.257458 -1.257458
 8 +3.409356 11010111010001111000 -0.778171 -0.778171
 9 +3.455590 11011000011101101000 -1.074356 -1.074356
10 +2.078807 10110101001101111010 -0.424653 -0.424653
11 +2.650659 11000011110110110101 -1.131305 -1.131305
12 -0.862804 01101001111010011000 +1.479594 +1.479594
13 -0.780960 01101100000000011110 +1.650225 +1.650225
14 +2.078807 10110101001101111010 -0.424653 -0.424653
15 +1.494748 10100110010000111111 -0.949888 -0.949888
16 +3.409356 11010111010001111000 -0.778171 -0.778171
17 -4.610118 00001001111110110010 -0.927425 -0.927425
18 +1.295525 10100001001010100101 +0.590093 +0.590093
19 +1.704165 10101011101000000110 -1.166162 -1.166162
20 +0.129972 10000011010100111100 +1.139178 +1.139178
21 -0.862738 01101001111010011111 +1.479821 +1.479821
22 -0.408760 01110101100010010010 -0.005863 -0.005863
23 -1.303536 01011110101000010010 +0.973764 +0.973764
24 +2.716549 11000101100010110010 -1.465055 -1.465055
25 +3.409356 11010111010001111000 -0.778171 -0.778171
26 +0.775877 10010011110111001100 -0.078820 -0.078820
27 -3.838738 00011101101110100111 -0.870298 -0.870298
28 +3.748292 11011111111101001100 -0.986836 -0.986836
29 -2.676542 00111011011110110000 -0.066223 -0.066223
30 -1.806227 01010001110000101011 +0.449896 +0.449896
31 +1.791379 10101101110110111111 -0.704634 -0.704634
32 +2.981470 11001100010100110101 -1.277525 -1.277525
33 -0.862738 01101001111010011111 +1.479821 +1.479821
34 -0.247674 01111001101010001101 +0.589581 +0.589581
35 -2.753685 00111001100000010111 -0.050815 -0.050815
36 -3.838738 00011101101110100111 -0.870298 -0.870298
37 +2.981470 11001100010100110101 -1.277525 -1.277525
38 +3.158949 11010000110111100111 -0.082524 -0.082524
39 -0.247674 01111001101010001101 +0.589581 +0.589581
40 -2.753685 00111001100000010111 -0.050815 -0.050815
41 +4.516286 11110011100111011110 +0.510230 +0.510230
42 -3.838738 00011101101110100111 -0.870298 -0.870298
43 -0.352626 01110110111110010000 +0.045459 +0.045459
44 -4.610118 00001001111110110010 -0.927425 -0.927425
45 +4.516286 11110011100111011110 +0.510230 +0.510230
46 +3.748292 11011111111101001100 -0.986836 -0.986836
47 +2.716549 11000101100010110010 -1.465055 -1.465055
48 -0.862738 01101001111010011111 +1.479821 +1.479821
49 -0.862738 01101001111010011111 +1.479821 +1.479821
50 +4.516286 11110011100111011110 +0.510230 +0.510230
Last
 1 -0.029931 01111111001110111101 +1.701480 +1.701480
 2 -0.010400 01111111101110111101 +1.695129 +1.695129
 3 -0.010438 01111111101110111001 +1.695162 +1.695162
 4 -0.010400 01111111101110111101 +1.695129 +1.695129
 5 -0.010400 01111111101110111101 +1.695129 +1.695129
 6 -0.010409 01111111101110111100 +1.695137 +1.695137
 7 -0.010400 01111111101110111101 +1.695129 +1.695129
 8 -0.010409 01111111101110111100 +1.695137 +1.695137
 9 -0.010409 01111111101110111100 +1.695137 +1.695137
10 -0.010409 01111111101110111100 +1.695137 +1.695137
11 -0.010400 01111111101110111101 +1.695129 +1.695129
12 -0.010400 01111111101110111101 +1.695129 +1.695129
13 -0.010400 01111111101110111101 +1.695129 +1.695129
14 -0.010390 01111111101110111110 +1.695120 +1.695120
15 -0.010438 01111111101110111001 +1.695162 +1.695162
16 -0.010400 01111111101110111101 +1.695129 +1.695129
17 -0.010400 01111111101110111101 +1.695129 +1.695129
18 -0.010400 01111111101110111101 +1.695129 +1.695129
19 -0.010400 01111111101110111101 +1.695129 +1.695129
20 -0.012841 01111111101010111101 +1.697114 +1.697114
21 -0.010409 01111111101110111100 +1.695137 +1.695137
22 -0.010400 01111111101110111101 +1.695129 +1.695129
23 -0.010400 01111111101110111101 +1.695129 +1.695129
24 -0.010400 01111111101110111101 +1.695129 +1.695129
25 -0.010409 01111111101110111100 +1.695137 +1.695137
26 -0.010400 01111111101110111101 +1.695129 +1.695129
27 -0.010409 01111111101110111100 +1.695137 +1.695137
28 -0.010400 01111111101110111101 +1.695129 +1.695129
29 -0.010400 01111111101110111101 +1.695129 +1.695129
30 -0.010400 01111111101110111101 +1.695129 +1.695129
31 -0.010409 01111111101110111100 +1.695137 +1.695137
32 -0.010400 01111111101110111101 +1.695129 +1.695129
33 -0.010409 01111111101110111100 +1.695137 +1.695137
34 -0.010409 01111111101110111100 +1.695137 +1.695137
35 -0.010438 01111111101110111001 +1.695162 +1.695162
36 -0.010400 01111111101110111101 +1.695129 +1.695129
37 -0.010409 01111111101110111100 +1.695137 +1.695137
38 -0.010409 01111111101110111100 +1.695137 +1.695137
39 -0.010400 01111111101110111101 +1.695129 +1.695129
40 -0.010400 01111111101110111101 +1.695129 +1.695129
41 -0.010409 01111111101110111100 +1.695137 +1.695137
42 -0.010409 01111111101110111100 +1.695137 +1.695137
43 -0.010409 01111111101110111100 +1.695137 +1.695137
44 -0.010400 01111111101110111101 +1.695129 +1.695129
45 -0.010409 01111111101110111100 +1.695137 +1.695137
46 -0.010400 01111111101110111101 +1.695129 +1.695129
47 -0.010400 01111111101110111101 +1.695129 +1.695129
48 -0.010400 01111111101110111101 +1.695129 +1.695129
49 -0.010400 01111111101110111101 +1.695129 +1.695129
50 -0.010438 01111111101110111001 +1.695162 +1.695162
x = -0.029931096964928905 y = 1.7014795524792596